0.000000000000000000e+00
0.000000000000000000e+00
0.000000000000000000e+00
0.000000000000000000e+00
0.000000000000000000e+00
0.000000000000000000e+00
0.000000000000000000e+00
0.000000000000000000e+00
0.000000000000000000e+00
0.000000000000000000e+00
0.000000000000000000e+00
0.000000000000000000e+00
0.000000000000000000e+00
0.000000000000000000e+00
0.000000000000000000e+00
0.000000000000000000e+00
0.000000000000000000e+00
0.000000000000000000e+00
0.000000000000000000e+00
0.000000000000000000e+00
0.000000000000000000e+00
0.000000000000000000e+00
0.000000000000000000e+00
0.000000000000000000e+00
0.000000000000000000e+00
0.000000000000000000e+00
0.000000000000000000e+00
0.000000000000000000e+00
0.000000000000000000e+00
0.000000000000000000e+00
0.000000000000000000e+00
0.000000000000000000e+00
0.000000000000000000e+00
0.000000000000000000e+00
0.000000000000000000e+00
0.000000000000000000e+00
0.000000000000000000e+00
0.000000000000000000e+00
0.000000000000000000e+00
0.000000000000000000e+00
0.000000000000000000e+00
1.000000000000000000e+00
1.000000000000000000e+00
1.000000000000000000e+00
2.000000000000000000e+00
8.000000000000000000e+00
1.200000000000000000e+01
1.200000000000000000e+01
1.700000000000000000e+01
1.900000000000000000e+01
1.900000000000000000e+01
3.100000000000000000e+01
3.400000000000000000e+01
4.500000000000000000e+01
5.600000000000000000e+01
6.800000000000000000e+01
7.900000000000000000e+01
9.700000000000000000e+01
1.280000000000000000e+02
1.580000000000000000e+02
2.660000000000000000e+02
3.010000000000000000e+02
3.870000000000000000e+02
3.870000000000000000e+02
5.020000000000000000e+02
5.890000000000000000e+02
6.900000000000000000e+02
7.450000000000000000e+02
8.200000000000000000e+02
1.054000000000000000e+03
1.054000000000000000e+03
1.133000000000000000e+03
1.265000000000000000e+03
1.451000000000000000e+03
1.451000000000000000e+03
1.554000000000000000e+03
1.628000000000000000e+03
1.715000000000000000e+03
1.795000000000000000e+03
1.975000000000000000e+03
1.975000000000000000e+03
2.142000000000000000e+03
2.208000000000000000e+03
2.277000000000000000e+03
2.443000000000000000e+03
2.571000000000000000e+03
2.669000000000000000e+03
2.758000000000000000e+03
2.839000000000000000e+03
2.941000000000000000e+03
3.031000000000000000e+03
3.144000000000000000e+03
3.435000000000000000e+03
3.607000000000000000e+03
3.780000000000000000e+03
3.892000000000000000e+03
4.003000000000000000e+03
4.127000000000000000e+03
4.285000000000000000e+03
4.428000000000000000e+03
4.532000000000000000e+03
4.681000000000000000e+03
4.783000000000000000e+03
4.887000000000000000e+03
5.020000000000000000e+03
5.208000000000000000e+03
5.371000000000000000e+03
5.611000000000000000e+03
5.776000000000000000e+03
6.034000000000000000e+03
6.278000000000000000e+03
6.563000000000000000e+03
6.879000000000000000e+03
7.134000000000000000e+03
7.479000000000000000e+03
7.805000000000000000e+03
8.068000000000000000e+03
8.371000000000000000e+03
8.809000000000000000e+03
9.283000000000000000e+03
9.931000000000000000e+03
1.064900000000000000e+04
1.135300000000000000e+04
1.207600000000000000e+04
1.262800000000000000e+04
1.322800000000000000e+04
1.393300000000000000e+04
1.470200000000000000e+04
1.541900000000000000e+04
1.621400000000000000e+04
1.685100000000000000e+04
1.741500000000000000e+04
1.831900000000000000e+04
1.926800000000000000e+04
2.019700000000000000e+04
2.103700000000000000e+04
2.202000000000000000e+04
2.279400000000000000e+04
2.362000000000000000e+04
2.476100000000000000e+04
2.598700000000000000e+04
2.737300000000000000e+04
2.876400000000000000e+04
3.029500000000000000e+04
3.157700000000000000e+04
3.278500000000000000e+04
3.415900000000000000e+04
3.555200000000000000e+04
3.751000000000000000e+04
3.957000000000000000e+04
4.120400000000000000e+04
4.278500000000000000e+04
4.493100000000000000e+04
4.720300000000000000e+04
4.985100000000000000e+04
5.245700000000000000e+04
5.534300000000000000e+04
5.774400000000000000e+04
5.993300000000000000e+04
6.226800000000000000e+04
