0.000000000000000000e+00
0.000000000000000000e+00
0.000000000000000000e+00
0.000000000000000000e+00
0.000000000000000000e+00
0.000000000000000000e+00
0.000000000000000000e+00
0.000000000000000000e+00
0.000000000000000000e+00
0.000000000000000000e+00
0.000000000000000000e+00
0.000000000000000000e+00
0.000000000000000000e+00
0.000000000000000000e+00
0.000000000000000000e+00
0.000000000000000000e+00
0.000000000000000000e+00
0.000000000000000000e+00
0.000000000000000000e+00
0.000000000000000000e+00
0.000000000000000000e+00
0.000000000000000000e+00
0.000000000000000000e+00
0.000000000000000000e+00
0.000000000000000000e+00
0.000000000000000000e+00
0.000000000000000000e+00
0.000000000000000000e+00
0.000000000000000000e+00
0.000000000000000000e+00
0.000000000000000000e+00
0.000000000000000000e+00
0.000000000000000000e+00
0.000000000000000000e+00
0.000000000000000000e+00
0.000000000000000000e+00
0.000000000000000000e+00
0.000000000000000000e+00
0.000000000000000000e+00
0.000000000000000000e+00
0.000000000000000000e+00
0.000000000000000000e+00
0.000000000000000000e+00
0.000000000000000000e+00
0.000000000000000000e+00
0.000000000000000000e+00
0.000000000000000000e+00
2.000000000000000000e+00
2.000000000000000000e+00
3.000000000000000000e+00
3.000000000000000000e+00
7.000000000000000000e+00
9.000000000000000000e+00
1.100000000000000000e+01
1.700000000000000000e+01
2.400000000000000000e+01
2.800000000000000000e+01
4.400000000000000000e+01
6.700000000000000000e+01
8.400000000000000000e+01
9.400000000000000000e+01
1.230000000000000000e+02
1.570000000000000000e+02
2.060000000000000000e+02
2.670000000000000000e+02
3.420000000000000000e+02
4.330000000000000000e+02
5.330000000000000000e+02
6.450000000000000000e+02
7.750000000000000000e+02
9.200000000000000000e+02
1.107000000000000000e+03
1.275000000000000000e+03
1.444000000000000000e+03
1.584000000000000000e+03
1.810000000000000000e+03
2.016000000000000000e+03
2.349000000000000000e+03
2.607000000000000000e+03
2.767000000000000000e+03
2.736000000000000000e+03
3.022000000000000000e+03
3.194000000000000000e+03
3.294000000000000000e+03
3.804000000000000000e+03
4.052000000000000000e+03
4.352000000000000000e+03
4.459000000000000000e+03
4.586000000000000000e+03
