0.000000000000000000e+00
0.000000000000000000e+00
0.000000000000000000e+00
0.000000000000000000e+00
0.000000000000000000e+00
0.000000000000000000e+00
0.000000000000000000e+00
0.000000000000000000e+00
0.000000000000000000e+00
0.000000000000000000e+00
0.000000000000000000e+00
0.000000000000000000e+00
0.000000000000000000e+00
0.000000000000000000e+00
0.000000000000000000e+00
0.000000000000000000e+00
0.000000000000000000e+00
0.000000000000000000e+00
3.000000000000000000e+00
3.000000000000000000e+00
3.000000000000000000e+00
3.000000000000000000e+00
3.000000000000000000e+00
3.000000000000000000e+00
3.000000000000000000e+00
3.000000000000000000e+00
3.000000000000000000e+00
3.000000000000000000e+00
3.000000000000000000e+00
3.000000000000000000e+00
5.000000000000000000e+00
5.000000000000000000e+00
5.000000000000000000e+00
5.000000000000000000e+00
6.000000000000000000e+00
6.000000000000000000e+00
6.000000000000000000e+00
7.000000000000000000e+00
7.000000000000000000e+00
7.000000000000000000e+00
7.000000000000000000e+00
7.000000000000000000e+00
7.000000000000000000e+00
7.000000000000000000e+00
7.000000000000000000e+00
7.000000000000000000e+00
7.000000000000000000e+00
7.000000000000000000e+00
8.000000000000000000e+00
8.000000000000000000e+00
1.200000000000000000e+01
1.200000000000000000e+01
1.200000000000000000e+01
1.200000000000000000e+01
1.700000000000000000e+01
1.700000000000000000e+01
1.050000000000000000e+02
1.210000000000000000e+02
1.470000000000000000e+02
1.760000000000000000e+02
1.780000000000000000e+02
1.780000000000000000e+02
3.480000000000000000e+02
3.610000000000000000e+02
6.810000000000000000e+02
8.690000000000000000e+02
1.072000000000000000e+03
2.665000000000000000e+03
5.644000000000000000e+03
7.024000000000000000e+03
8.474000000000000000e+03
9.001000000000000000e+03
9.707000000000000000e+03
1.465200000000000000e+04
1.744800000000000000e+04
1.958100000000000000e+04
2.176300000000000000e+04
2.355900000000000000e+04
2.541000000000000000e+04
2.879000000000000000e+04
3.127000000000000000e+04
3.298800000000000000e+04
4.348200000000000000e+04
